0.386234
0.523928
0.663994
0.736252
0.761594
0.768209
0.769162
0.768576
0.767517
0.766234
0.764784
0.763181
0.761429
0.759528
0.757481
0.755289
0.752952
0.750473
0.747852
0.745091
0.742192
0.739157
0.735986
0.732683
0.729249
0.725686
0.721996
0.718182
0.714244
0.710186
0.70601
0.701719
0.697314
0.692798
0.688174
0.683444
0.67861
0.673677
0.668645
0.663519
0.6583
0.652991
0.647596
0.642118
0.636558
0.63092
0.625207
0.619422
0.613568
0.607648
0.601665
0.595621
0.58952
0.583365
0.577159
0.570905
0.564606
0.558264
0.551884
0.545467
0.539018
0.532538
0.52603
0.519499
0.512946
0.506374
0.499787
0.493186
0.486576
0.479958
0.473336
0.466712
0.460088
0.453468
0.446853
0.440247
0.433653
0.427071
0.420505
0.413958
0.407431
0.400926
0.394447
0.387995
0.381572
0.37518
0.368822
0.362499
0.356213
0.349967
0.343761
0.337597
0.331478
0.325405
0.319379
0.313402
0.307475
0.3016
0.295779
0.290011
0.2843
0.278645
0.273048
0.26751
0.262031
0.256614
0.251259
0.245966
0.240736
0.235571
0.23047
0.225435
0.220465
0.215562
0.210726
0.205958
0.201256
0.196623
0.192059
0.187562
0.183135
0.178776
0.174486
0.170265
0.166112
0.162029
0.158014
0.154068
0.150191
0.146382
0.142641
0.138968
0.135362
0.131824
0.128352
0.124947
0.121608
0.118334
0.115126
0.111982
0.108902
0.105886
0.102933
0.100042
0.0972125
0.0944445
0.0917369
0.0890891
0.0865005
0.0839703
0.0814978
0.0790824
0.0767231
0.0744194
0.0721704
0.0699754
0.0678336
0.0657442
0.0637064
0.0617194
0.0597825
0.0578947
0.0560554
0.0542637
0.0525187
0.0508197
0.0491658
0.0475562
0.0459902
0.0444668
0.0429853
0.0415448
0.0401446
0.0387838
0.0374616
0.0361773
0.0349301
0.0337191
0.0325435
0.0314027
0.0302958
0.0292221
0.0281808
0.0271712
0.0261925
0.0252441
0.0243251
0.0234348
0.0225727
0.0217379
0.0209298
0.0201477
0.0193909
0.0186589
0.0179509
0.0172663
0.0166045
0.0159649
0.0153468
0.0147498
0.0141731
0.0136162
0.0130786
0.0125597
0.012059
0.011576
0.0111101
0.0106607
0.0102276
0.00981003
0.00940765
0.00901998
0.00864655
0.00828693
0.00794067
0.00760736
0.00728659
0.00697795
0.00668104
0.00639549
0.00612092
0.00585696
0.00560327
0.0053595
0.0051253
0.00490036
0.00468436
0.00447698
0.00427793
0.00408691
0.00390364
0.00372784
0.00355925
0.0033976
0.00324265
0.00309414
0.00295185
0.00281554
0.00268498
0.00255997
0.00244029
0.00232574
0.00221612
0.00211125
0.00201094
0.00191501
0.00182329
0.00173562
0.00165183
0.00157178
0.00149531
0.00142227
0.00135253
0.00128595
0.0012224
0.00116177
0.00110392
0.00104874
0.000996116
0.000945947
0.000898125
0.00085255
0.000809126
0.000767761
0.000728364
0.000690851
0.000655139
0.000621149
0.000588805
0.000558033
0.000528764
0.00050093
0.000474466
0.00044931
0.000425403
0.000402688
0.000381109
0.000360615
0.000341154
0.000322679
0.000305144
0.000288504
0.000272716
0.000257741
0.00024354
0.000230075
0.000217312
0.000205215
0.000193753
0.000182894
0.00017261
0.000162871
0.000153651
0.000144924
0.000136665
0.000128852
0.00012146
0.00011447
0.000107861
0.000101612
9.5707e-05
9.01269e-05
8.48551e-05
7.98757e-05
7.51734e-05
7.07339e-05
6.65432e-05
6.25883e-05
5.88567e-05
5.53365e-05
5.20164e-05
4.88858e-05
4.59344e-05
4.31526e-05
4.05311e-05
3.80612e-05
3.57348e-05
3.35438e-05
3.14809e-05
2.95389e-05
2.77112e-05
2.59914e-05
2.43734e-05
2.28516e-05
2.14205e-05
2.0075e-05
1.88103e-05
1.76218e-05
1.6505e-05
1.54559e-05
1.44706e-05
1.35454e-05
1.26769e-05
1.18616e-05
1.10966e-05
1.03788e-05
9.70554e-06
9.07412e-06
8.48208e-06
7.92709e-06
7.40692e-06
6.91951e-06
6.46288e-06
6.03518e-06
5.63465e-06
5.25966e-06
4.90863e-06
4.58012e-06
4.27275e-06
3.9852e-06
3.71626e-06
3.46478e-06
3.22967e-06
3.00991e-06
2.80455e-06
2.61267e-06
2.43344e-06
2.26604e-06
2.10974e-06
1.96383e-06
1.82765e-06
1.70057e-06
1.58201e-06
1.47142e-06
1.36828e-06
1.27213e-06
1.18249e-06
1.09895e-06
1.0211e-06
9.48587e-07
8.81042e-07
8.18144e-07
7.59584e-07
7.05074e-07
6.54346e-07
6.07146e-07
5.63238e-07
5.22401e-07
4.84428e-07
4.49125e-07
4.16312e-07
3.85819e-07
3.57488e-07
3.31171e-07
3.0673e-07
2.84036e-07
2.62969e-07
2.43416e-07
2.25271e-07
2.08437e-07
1.92823e-07
1.78343e-07
1.64917e-07
1.52471e-07
1.40937e-07
1.30249e-07
1.20347e-07
1.11176e-07
1.02683e-07
9.48204e-08
8.75421e-08
8.08063e-08
7.45739e-08
6.88084e-08
6.34759e-08
5.8545e-08
5.39864e-08
4.97728e-08
4.58788e-08
4.22811e-08
3.89577e-08
3.58883e-08
3.30542e-08
3.04378e-08
2.80228e-08
2.57944e-08
2.37384e-08
2.18419e-08
2.00929e-08
1.84803e-08
1.69937e-08
1.56235e-08
1.4361e-08
1.31978e-08
1.21264e-08
1.11398e-08
1.02314e-08
9.39521e-09
8.62563e-09
7.9175e-09
7.26605e-09
6.66687e-09
6.11588e-09
5.60931e-09
5.14366e-09
4.71573e-09
4.32253e-09
3.96133e-09
3.62959e-09
3.32496e-09
3.04529e-09
2.78858e-09
2.55301e-09
2.33687e-09
2.1386e-09
1.95676e-09
1.79002e-09
1.63717e-09
1.49707e-09
1.36868e-09
1.25105e-09
1.14331e-09
1.04463e-09
9.54284e-10
8.71574e-10
7.95874e-10
7.26603e-10
6.63229e-10
6.05262e-10
5.5225e-10
5.03781e-10
4.59474e-10
4.1898e-10
3.81978e-10
3.48175e-10
3.17299e-10
2.89104e-10
2.63361e-10
2.39863e-10
2.18418e-10
1.9885e-10
1.80999e-10
1.64718e-10
1.49871e-10
1.36335e-10
1.23997e-10
1.12753e-10
1.02508e-10
9.31754e-11
8.46755e-11
7.69355e-11
6.98891e-11
6.34754e-11
5.76387e-11
5.23283e-11
4.74976e-11
4.31043e-11
3.91095e-11
3.54778e-11
3.2177e-11
2.91774e-11
2.64522e-11
2.39767e-11
2.17285e-11
1.96872e-11
1.78341e-11
1.61522e-11
1.4626e-11
1.32413e-11
1.19854e-11
1.08464e-11
9.81364e-12
8.87748e-12
8.02902e-12
7.26019e-12
6.56367e-12
5.93279e-12
5.36148e-12
4.84421e-12
4.37597e-12
3.95221e-12
3.56876e-12
3.22188e-12
2.90813e-12
2.6244e-12
2.36789e-12
2.13602e-12
1.92647e-12
1.73713e-12
1.56609e-12
1.4116e-12
1.2721e-12
1.14616e-12
1.03248e-12
9.29889e-13
8.37325e-13
7.53823e-13
6.78513e-13
6.10605e-13
5.49384e-13
4.94202e-13
4.44473e-13
3.99669e-13
3.59309e-13
3.22961e-13
2.90231e-13
2.60766e-13
2.34246e-13
2.10381e-13
1.88909e-13
1.69595e-13
1.52225e-13
1.36607e-13
1.22567e-13
1.09948e-13
9.86081e-14
8.84203e-14
7.92692e-14
7.1051e-14
6.3672e-14
5.70481e-14
5.1103e-14
4.57683e-14
4.09823e-14
3.66894e-14
3.28397e-14
2.9388e-14
2.62938e-14
2.35208e-14
2.1036e-14
1.88099e-14
1.6816e-14
1.50305e-14
1.34319e-14
1.20009e-14
1.07202e-14
9.57427e-15
8.54913e-15
7.63223e-15
6.8123e-15
6.07924e-15
5.42398e-15
4.83838e-15
4.31514e-15
3.84772e-15
3.43024e-15
3.05745e-15
2.72463e-15
2.42755e-15
2.16243e-15
1.92589e-15
1.71487e-15
1.52667e-15
1.35885e-15
1.20924e-15
1.07588e-15
9.57044e-16
8.5116e-16
7.5684e-16
6.72838e-16
5.98039e-16
5.31449e-16
4.7218e-16
4.19437e-16
3.7251e-16
3.30768e-16
2.93644e-16
2.60635e-16
2.31291e-16
2.05209e-16
1.82032e-16
1.6144e-16
1.43149e-16
1.26905e-16
1.12482e-16
9.9678e-17
8.8314e-17
7.82299e-17
6.92834e-17
6.13478e-17
5.43102e-17
4.80704e-17
4.2539e-17
3.76365e-17
3.32924e-17
2.94438e-17
2.60349e-17
2.3016e-17
2.03432e-17
1.79771e-17
1.58831e-17
1.40302e-17
1.23909e-17
1.0941e-17
9.65884e-18
8.52522e-18
7.52314e-18
6.63752e-18
5.85499e-18
5.16368e-18
4.55309e-18
4.01389e-18
3.53784e-18
3.11763e-18
2.74678e-18
2.41956e-18
2.13089e-18
1.87629e-18
1.65178e-18
1.45384e-18
1.27937e-18
1.12561e-18
9.90127e-19
8.7078e-19
7.65666e-19
6.73106e-19
5.91617e-19
5.1989e-19
4.56767e-19
4.01229e-19
3.52372e-19
3.09403e-19
2.7162e-19
2.38403e-19
2.09206e-19
1.83548e-19
1.61005e-19
1.41202e-19
1.2381e-19
1.08539e-19
9.5132e-20
8.33646e-20
7.30382e-20
6.39781e-20
5.60307e-20
4.90607e-20
4.29491e-20
3.75914e-20
3.28954e-20
2.87804e-20
2.5175e-20
2.20169e-20
1.92511e-20
1.68294e-20
1.47094e-20
1.28539e-20
1.12302e-20
9.80966e-21
8.56708e-21
7.48041e-21
6.53026e-21
5.69966e-21
4.97372e-21
4.33936e-21
3.78516e-21
3.30108e-21
2.87833e-21
2.50921e-21
2.187e-21
1.90578e-21
1.66039e-21
1.44631e-21
1.25957e-21
1.09673e-21
9.54751e-22
8.30985e-22
7.23119e-22
6.29128e-22
5.47245e-22
4.75924e-22
4.13815e-22
3.5974e-22
3.12668e-22
2.71702e-22
2.36056e-22
2.05045e-22
1.78073e-22
1.54617e-22
1.34225e-22
1.16499e-22
1.01093e-22
8.77072e-23
7.60786e-23
6.59786e-23
5.7208e-23
4.95933e-23
4.29836e-23
3.72474e-23
3.22702e-23
2.79526e-23
2.42077e-23
2.09604e-23
1.81451e-23
1.57048e-23
1.35899e-23
1.17575e-23
1.01701e-23
8.79532e-24
7.60483e-24
6.57417e-24
5.68205e-24
4.91001e-24
4.24203e-24
3.66419e-24
3.16442e-24
2.73228e-24
2.35868e-24
2.03575e-24
1.75669e-24
1.51558e-24
1.3073e-24
1.12741e-24
9.72089e-25
8.37996e-25
7.22255e-25
6.22376e-25
5.36202e-25
4.61867e-25
3.97757e-25
3.42478e-25
2.94823e-25
2.53748e-25
2.18352e-25
1.87856e-25
1.61586e-25
1.38963e-25
1.19483e-25
1.02713e-25
8.82794e-26
7.58588e-26
6.51727e-26
5.59808e-26
4.80756e-26
4.12785e-26
3.54354e-26
3.04132e-26
2.60977e-26
2.239e-26
1.92052e-26
1.64701e-26
1.41218e-26
1.21058e-26
1.03756e-26
8.89084e-27
7.61705e-27
6.52446e-27
5.58747e-27
4.78409e-27
4.0954e-27
3.50515e-27
2.99937e-27
2.56606e-27
2.19491e-27
1.87706e-27
1.60493e-27
1.37197e-27
1.17259e-27
1.00199e-27
8.56035e-28
7.31195e-28
6.24437e-28
5.33159e-28
4.55133e-28
3.88448e-28
3.31468e-28
2.82789e-28
2.41211e-28
2.05705e-28
1.7539e-28
1.49513e-28
1.27428e-28
1.08584e-28
9.2508e-29
7.87963e-29
6.71035e-29
5.71345e-29
4.86367e-29
4.13946e-29
3.52238e-29
2.99669e-29
2.54895e-29
2.16767e-29
1.84305e-29
1.56674e-29
1.33158e-29
1.13149e-29
9.6128e-30
8.16509e-30
6.93403e-30
5.88739e-30
4.99774e-30
4.24167e-30
3.59927e-30
3.05355e-30
2.59005e-30
2.19646e-30
1.86232e-30
1.57869e-30
1.33799e-30
1.13376e-30
9.60516e-31
8.1358e-31
6.88983e-31
5.83352e-31
4.93817e-31
4.1794e-31
3.53652e-31
2.99192e-31
2.53069e-31
2.14013e-31
1.80948e-31
1.52961e-31
1.29277e-31
1.09238e-31
9.22873e-32
7.79511e-32
6.58287e-32
5.55804e-32
4.69182e-32
3.95981e-32
3.34134e-32
2.8189e-32
2.37767e-32
2.00511e-32
1.69058e-32
1.42511e-32
1.20108e-32
1.01207e-32
8.52635e-33
7.18171e-33
6.04791e-33
5.0921e-33
4.28648e-33
3.6076e-33
3.03563e-33
2.55383e-33
2.14807e-33
1.80642e-33
1.51881e-33
1.27673e-33
1.07302e-33
9.01636e-34
7.57473e-34
6.36234e-34
5.34292e-34
4.48595e-34
3.76568e-34
3.16042e-34
2.65192e-34
2.22479e-34
1.86608e-34
1.56489e-34
1.31206e-34
1.09985e-34
9.2178e-35
7.72386e-35
6.47076e-35
5.41987e-35
4.53874e-35
3.80011e-35
3.18104e-35
2.66229e-35
2.22769e-35
1.86366e-35
1.55881e-35
1.30357e-35
1.0899e-35
9.11067e-36
7.61429e-36
6.3624e-36
5.31528e-36
4.4396e-36
3.70745e-36
3.09542e-36
2.58391e-36
2.1565e-36
1.79942e-36
1.50117e-36
1.25211e-36
1.04415e-36
8.70565e-37
7.2569e-37
6.04804e-37
5.03954e-37
4.19837e-37
3.4969e-37
2.91205e-37
2.42453e-37
2.01823e-37
1.67968e-37
1.39764e-37
1.16272e-37
9.671e-38
8.04229e-38
6.68653e-38
5.55822e-38
4.61938e-38
3.83835e-38
3.18873e-38
2.64853e-38
2.19941e-38
1.82608e-38
1.51582e-38
1.25802e-38
1.04385e-38
8.65976e-39
7.18266e-39
5.95632e-39
4.93837e-39
4.09358e-39
3.39262e-39
2.81113e-39
2.32884e-39
1.92891e-39
1.59734e-39
1.3225e-39
1.09473e-39
9.06004e-40
7.49666e-40
6.20181e-40
5.12959e-40
4.2419e-40
3.50712e-40
2.89904e-40
2.39591e-40
1.97971e-40
1.63547e-40
1.35083e-40
1.1155e-40
9.20985e-41
7.60236e-41
6.27418e-41
5.17702e-41
4.27086e-41
3.5226e-41
2.90486e-41
2.39497e-41
1.97419e-41
1.62701e-41
1.34062e-41
1.10441e-41
9.09646e-42
7.49077e-42
6.16728e-42
5.07662e-42
4.17799e-42
3.43775e-42
2.8281e-42
2.3261e-42
1.91282e-42
1.57265e-42
1.29272e-42
1.06241e-42
8.72953e-43
7.17139e-43
5.89018e-43
4.8369e-43
3.97117e-43
3.25975e-43
2.67523e-43
2.19509e-43
1.80076e-43
1.47693e-43
1.21094e-43
9.91996e-44
8.09823e-44
6.51927e-44
5.01176e-44
3.4684e-44
2.21493e-44
